 1
 11
 211
 4211
 34211
 234211
 4234211
 6234211
 7234211
 17234211
 27234211
 534211
 3534211
 13534211
 33534211
 9534211
 19534211
 634211
 8634211
 18634211
 84211
 184211
 784211
 5784211
 984211
 1984211
 21984211
 6211
 96211
 496211
 2496211
 6496211
 36496211
 996211
 3996211
 33996211
 6996211
 16996211
 9996211
 19996211
 7211
 27211
 327211
 7327211
 9327211
 19327211
 727211
 8727211
 18727211
 38727211
 67211
 667211
 2667211
 9667211
 867211
 1867211
 31867211
 9867211
 19867211
 87211
 187211
 6187211
 8187211
 18187211
 487211
 2487211
 9487211
 19487211
 987211
 311
 2311
 62311
 462311
 3462311
 5462311
 15462311
 9462311
 29462311
 92311
 6311
 56311
 356311
 4356311
 9356311
 19356311
 656311
 1656311
 21656311
 31656311
 6656311
 956311
 3956311
 13956311
 23956311
 9956311
 86311
 186311
 9186311
 19186311
 786311
 3786311
 8311
 18311
 518311
 1518311
 3518311
 13518311
 618311
 3618311
 5618311
 48311
 68311
 968311
 78311
 578311
 6578311
 16578311
 9578311
 19578311
 9311
 29311
 629311
 4629311
 9629311
 19629311
 929311
 1929311
 31929311
 3929311
 811
 1811
 91811
 991811
 9991811
 9811
 49811
 249811
 1249811
 21249811
 949811
 79811
 379811
 911
 3911
 23911
 123911
 33911
 233911
 333911
 8333911
 18333911
 83911
 683911
 9683911
 19683911
 983911
 3983911
 93911
 6911
 56911
 96911
 296911
 6296911
 31
 131
 2131
 42131
 342131
 542131
 1542131
 21542131
 6542131
 7542131
 17542131
 27542131
 62131
 462131
 3462131
 5462131
 15462131
 8462131
 18462131
 962131
 1962131
 4962131
 6131
 36131
 836131
 4836131
 24836131
 6836131
 16836131
 9836131
 19836131
 56131
 156131
 6156131
 26156131
 756131
 5756131
 15756131
 6756131
 26756131
 86131
 386131
 686131
 3686131
 13686131
 4686131
 986131
 4986131
 34986131
 331
 3331
 13331
 313331
 913331
 2913331
 3913331
 6913331
 16913331
 33331
 333331
 1333331
 3333331
 33333331
 7333331
 17333331
 733331
 2733331
 22733331
 43331
 843331
 7843331
 63331
 663331
 4663331
 963331
 6963331
 16963331
 73331
 873331
 6873331
 16873331
 973331
 2973331
 22973331
 32973331
 3973331
 9973331
 39973331
 7331
 57331
 757331
 3757331
 23757331
 5757331
 957331
 9957331
 19957331
 431
 5431
 75431
 575431
 8431
 38431
 338431
 3338431
 4338431
 7338431
 638431
 1638431
 21638431
 9431
 69431
 269431
 569431
 1569431
 21569431
 3569431
 7569431
 27569431
 9569431
 969431
 9969431
 89431
 489431
 689431
 1689431
 99431
 999431
 6999431
 16999431
 26999431
 631
 3631
 9631
 39631
 339631
 1339631
 31339631
 6339631
 439631
 639631
 3639631
 13639631
 4639631
 6639631
 739631
 2739631
 22739631
 79631
 41
 241
 4241
 9241
 39241
 139241
 6139241
 739241
 2739241
 9739241
 79241
 99241
 399241
 3399241
 13399241
 7399241
 699241
 541
 3541
 43541
 943541
 2943541
 63541
 363541
 1363541
 3363541
 13363541
 6363541
 663541
 4663541
 7541
 27541
 127541
 5127541
 75127541
 8127541
 68127541
 78127541
 427541
 2427541
 9427541
 627541
 7627541
 727541
 6727541
 9727541
 927541
 4927541
 87541
 687541
 787541
 5787541
 75787541
 987541
 7987541
 641
 5641
 15641
 915641
 45641
 545641
 1545641
 4545641
 6545641
 645641
 6645641
 75641
 275641
 4275641
 6275641
 8641
 98641
 198641
 6198641
 698641
 7698641
 798641
 2798641
 12798641
 941
 8941
 78941
 378941
 678941
 2678941
 5678941
 15678941
 8678941
 9941
 69941
 61
 461
 3461
 33461
 633461
 5633461
 6633461
 8633461
 833461
 7833461
 67833461
 8461
 18461
 218461
 38461
 138461
 338461
 9461
 39461
 239461
 1239461
 6239461
 76239461
 661
 6661
 16661
 216661
 4216661
 7216661
 67216661
 9216661
 316661
 3316661
 9316661
 96661
 196661
 9196661
 9661
 19661
 69661
 169661
 8169661
 9169661
 369661
 4369661
 669661
 9669661
 769661
 6769661
 8769661
 99661
 499661
 2499661
 12499661
 8499661
 799661
 2799661
 3799661
 9799661
 761
 3761
 23761
 723761
 2723761
 9723761
 63761
 263761
 1263761
 4263761
 363761
 6363761
 963761
 5963761
 8963761
 83761
 183761
 6183761
 8183761
 9183761
 483761
 3483761
 6483761
 93761
 393761
 2393761
 5393761
 8393761
 6761
 36761
 336761
 5336761
 636761
 836761
 1836761
 7836761
 8761
 48761
 548761
 1548761
 9548761
 848761
 7848761
 71
 271
 3271
 43271
 4271
 64271
 364271
 564271
 4564271
 24564271
 664271
 2664271
 5664271
 6271
 46271
 246271
 646271
 6646271
 26646271
 9646271
 846271
 4846271
 24846271
 6846271
 16846271
 7846271
 17846271
 9846271
 66271
 966271
 3966271
 571
 1571
 91571
 891571
 3891571
 3571
 73571
 573571
 4573571
 873571
 6873571
 6571
 36571
 336571
 4336571
 34336571
 6336571
 436571
 2436571
 3436571
 23436571
 6436571
 26436571
 66571
 166571
 6166571
 9166571
 971
 2971
 32971
 132971
 3132971
 632971
 7632971
 17632971
 27632971
 732971
 9732971
 29732971
 62971
 162971
 2162971
 12162971
 22162971
 32162971
 8162971
 18162971
 962971
 6962971
 16962971
 6971
 8971
 38971
 638971
 4638971
 24638971
 7638971
 17638971
 27638971
 2
 3
 13
 113
 2113
 12113
 612113
 5113
 6113
 26113
 326113
 9326113
 626113
 3626113
 4626113
 926113
 3926113
 56113
 356113
 656113
 956113
 9956113
 86113
 186113
 2186113
 986113
 3986113
 13986113
 7986113
 9986113
 313
 3313
 13313
 513313
 3513313
 43313
 343313
 543313
 4543313
 63313
 363313
 463313
 2463313
 12463313
 8463313
 613
 1613
 21613
 721613
 51613
 751613
 3751613
 9751613
 61613
 661613
 5661613
 861613
 7861613
 9861613
 961613
 2961613
 6961613
 9961613
 3613
 13613
 213613
 313613
 2313613
 9313613
 813613
 1813613
 6813613
 7813613
 9813613
 33613
 633613
 933613
 9933613
 43613
 243613
 3243613
 9243613
 843613
 73613
 273613
 373613
 6373613
 673613
 3673613
 6673613
 9613
 49613
 649613
 2649613
 12649613
 79613
 279613
 579613
 3579613
 23
 223
 1223
 31223
 231223
 6231223
 631223
 6631223
 26631223
 61223
 261223
 1261223
 21261223
 4261223
 361223
 81223
 381223
 3381223
 33381223
 523
 1523
 21523
 121523
 9121523
 19121523
 29121523
 921523
 4921523
 4523
 84523
 184523
 8184523
 18184523
 48184523
 9184523
 19184523
 29184523
 7523
 67523
 267523
 9267523
 19267523
 87523
 687523
 6687523
 9687523
 19687523
 987523
 1987523
 21987523
 3987523
 4987523
 34987523
 6987523
 16987523
 97523
 297523
 1297523
 21297523
 4297523
 597523
 697523
 823
 1823
 91823
 391823
 5391823
 15391823
 891823
 4891823
 6891823
 16891823
 9891823
 19891823
 3823
 63823
 463823
 6463823
 663823
 7663823
 17663823
 763823
 2763823
 22763823
 73823
 373823
 2373823
 32373823
 8373823
 18373823
 973823
 6823
 16823
 96823
 696823
 4696823
 7696823
 17696823
 7823
 27823
 327823
 4327823
 727823
 43
 443
 5443
 15443
 215443
 4215443
 95443
 195443
 2195443
 395443
 6395443
 995443
 3995443
 23995443
 7995443
 17995443
 8443
 18443
 318443
 9318443
 918443
 3918443
 23918443
 68443
 368443
 1368443
 21368443
 6368443
 7368443
 17368443
 98443
 798443
 998443
 1998443
 31998443
 7998443
 17998443
 643
 3643
 73643
 273643
 6273643
 673643
 5673643
 873643
 4873643
 4643
 7643
 37643
 87643
 9643
 99643
 399643
 6399643
 7399643
 17399643
 743
 5743
 75743
 375743
 2375743
 12375743
 675743
 3675743
 8675743
 18675743
 975743
 6975743
 16975743
 26975743
 9743
 59743
 53
 353
 6353
 36353
 336353
 2336353
 12336353
 536353
 9536353
 636353
 2636353
 86353
 686353
 1686353
 96353
 296353
 4296353
 396353
 2396353
 3396353
 5396353
 896353
 1896353
 7896353
 8353
 18353
 818353
 1818353
 7818353
 9818353
 918353
 3918353
 9918353
 48353
 348353
 3348353
 653
 5653
 75653
 6653
 36653
 236653
 336653
 636653
 66653
 566653
 866653
 9866653
 966653
 8966653
 853
 3853
 43853
 543853
 6543853
 16543853
 7543853
 63853
 163853
 663853
 9663853
 7853
 37853
 337853
 5337853
 537853
 1537853
 4537853
 837853
 3837853
 4837853
 57853
 67853
 367853
 5367853
 15367853
 6367853
 87853
 387853
 6387853
 16387853
 953
 2953
 12953
 912953
 2912953
 12912953
 6912953
 42953
 642953
 72953
 672953
 8672953
 872953
 1872953
 5953
 45953
 345953
 2345953
 5345953
 9345953
 73
 173
 6173
 66173
 366173
 2366173
 12366173
 9366173
 566173
 9566173
 666173
 6666173
 8666173
 9173
 29173
 729173
 2729173
 5729173
 15729173
 8729173
 68729173
 78729173
 9729173
 69729173
 99173
 399173
 3399173
 373
 1373
 81373
 381373
 481373
 8481373
 981373
 4981373
 9981373
 91373
 291373
 3291373
 391373
 6391373
 9391373
 3373
 4373
 24373
 64373
 364373
 9364373
 564373
 1564373
 7564373
 67564373
 964373
 5964373
 75964373
 6373
 36373
 136373
 3136373
 336373
 6336373
 16336373
 76336373
 9336373
 66373
 466373
 766373
 5766373
 966373
 4966373
 673
 3673
 73673
 573673
 3573673
 7573673
 4673
 34673
 234673
 4234673
 6234673
 934673
 5934673
 6934673
 54673
 454673
 3454673
 8454673
 84673
 384673
 1384673
 4384673
 6673
 16673
 516673
 6516673
 9516673
 616673
 2616673
 3616673
 76673
 276673
 7673
 27673
 327673
 1327673
 3327673
 627673
 4627673
 727673
 8727673
 97673
 397673
 5397673
 597673
 3597673
 4597673
 6597673
 697673
 5697673
 15697673
 773
 83
 283
 1283
 21283
 121283
 8121283
 18121283
 721283
 6721283
 51283
 951283
 9951283
 19951283
 61283
 961283
 3961283
 23961283
 5961283
 35961283
 9961283
 19961283
 81283
 181283
 5181283
 781283
 981283
 6981283
 16981283
 36981283
 7981283
 17981283
 91283
 391283
 8391283
 18391283
 4283
 34283
 534283
 834283
 3834283
 13834283
 9834283
 64283
 264283
 964283
 3964283
 7283
 27283
 427283
 5427283
 15427283
 8427283
 57283
 357283
 97283
 397283
 5397283
 35397283
 6397283
 8397283
 18397283
 9283
 79283
 379283
 2379283
 6379283
 579283
 4579283
 24579283
 6579283
 46579283
 879283
 3879283
 23879283
 9879283
 19879283
 49879283
 979283
 5979283
 15979283
 35979283
 9979283
 19979283
 383
 2383
 62383
 72383
 272383
 3272383
 13272383
 872383
 92383
 192383
 8192383
 18192383
 392383
 4392383
 792383
 5792383
 683
 2683
 42683
 542683
 9542683
 19542683
 59542683
 642683
 9642683
 19642683
 62683
 162683
 9162683
 962683
 9962683
 19962683
 92683
 5683
 15683
 915683
 3915683
 5915683
 6915683
 16915683
 9915683
 75683
 875683
 1875683
 21875683
 9875683
 19875683
 883
 6883
 16883
 516883
 1516883
 6516883
 9516883
 816883
 4816883
 34816883
 7816883
 17816883
 66883
 966883
 3966883
 9966883
 19966883
 76883
 276883
 3276883
 13276883
 576883
 6576883
 16576883
 9576883
 19576883
 676883
 6676883
 26676883
 36676883
 8676883
 18676883
 976883
 7883
 27883
 427883
 2427883
 32427883
 42427883
 9427883
 29427883
 67883
 367883
 6367883
 567883
 7567883
 17567883
 667883
 2667883
 12667883
 32667883
 97883
 9883
 39883
 139883
 6139883
 9139883
 439883
 5439883
 15439883
 983
 6983
 56983
 5
 7
 17
 317
 6317
 26317
 126317
 2126317
 6126317
 626317
 8317
 38317
 638317
 738317
 2738317
 6738317
 78317
 378317
 3378317
 578317
 98317
 617
 2617
 62617
 662617
 7662617
 9662617
 962617
 6962617
 72617
 3617
 33617
 233617
 3233617
 7233617
 833617
 4833617
 9833617
 53617
 453617
 653617
 753617
 5753617
 63617
 83617
 983617
 7983617
 37
 137
 2137
 62137
 362137
 9362137
 3137
 83137
 783137
 9137
 29137
 429137
 629137
 1629137
 7629137
 89137
 789137
 9789137
 99137
 299137
 3299137
 399137
 6399137
 337
 4337
 24337
 124337
 924337
 3924337
 34337
 6337
 46337
 346337
 6346337
 66337
 966337
 1966337
 96337
 196337
 5196337
 796337
 2796337
 9337
 69337
 79337
 279337
 1279337
 3279337
 4279337
 9279337
 979337
 2979337
 8979337
 9979337
 937
 4937
 64937
 364937
 2364937
 3364937
 564937
 3564937
 13564937
 9564937
 7937
 47
 347
 2347
 12347
 812347
 1812347
 21812347
 7812347
 17812347
 9812347
 19812347
 62347
 362347
 92347
 192347
 3192347
 9192347
 39192347
 392347
 692347
 3692347
 13692347
 6692347
 3347
 33347
 233347
 4233347
 833347
 1833347
 21833347
 9833347
 63347
 5347
 75347
 675347
 2675347
 5675347
 15675347
 35675347
 547
 3547
 33547
 73547
 973547
 2973547
 12973547
 22973547
 32973547
 9973547
 4547
 24547
 424547
 2424547
 6424547
 36424547
 724547
 54547
 454547
 9454547
 19454547
 29454547
 94547
 894547
 7894547
 6547
 16547
 616547
 8616547
 9616547
 19616547
 39616547
 816547
 7816547
 7547
 37547
 237547
 1237547
 6237547
 16237547
 36237547
 7237547
 537547
 6537547
 9537547
 19537547
 49537547
 67547
 367547
 6367547
 667547
 5667547
 867547
 7867547
 17867547
 87547
 187547
 5187547
 15187547
 9187547
 787547
 3787547
 23787547
 33787547
 8787547
 18787547
 97547
 397547
 8397547
 997547
 3997547
 9547
 49547
 549547
 1549547
 21549547
 31549547
 3549547
 4549547
 647
 2647
 12647
 912647
 3912647
 32647
 132647
 6132647
 632647
 1632647
 21632647
 4632647
 932647
 3932647
 7932647
 17932647
 72647
 872647
 3872647
 92647
 392647
 7392647
 17392647
 492647
 692647
 7692647
 17692647
 27692647
 792647
 5647
 15647
 65647
 965647
 1965647
 21965647
 8647
 48647
 848647
 9848647
 19848647
 947
 3947
 6947
 26947
 326947
 1326947
 21326947
 4326947
 34326947
 626947
 3626947
 6626947
 46626947
 7626947
 27626947
 36947
 236947
 7236947
 17236947
 536947
 4536947
 24536947
 6536947
 636947
 3636947
 23636947
 9636947
 29636947
 66947
 266947
 6266947
 16266947
 36266947
 7266947
 17266947
 27266947
 566947
 67
 167
 3167
 23167
 723167
 2723167
 12723167
 32723167
 5167
 65167
 465167
 2465167
 75167
 275167
 6275167
 16275167
 8167
 38167
 338167
 1338167
 4338167
 24338167
 78167
 378167
 578167
 3578167
 13578167
 878167
 6878167
 16878167
 367
 1367
 91367
 291367
 3291367
 7291367
 17291367
 27291367
 391367
 5391367
 6367
 76367
 467
 2467
 32467
 332467
 1332467
 732467
 3732467
 42467
 242467
 342467
 6342467
 26342467
 542467
 4542467
 24542467
 34542467
 62467
 462467
 5462467
 15462467
 72467
 92467
 392467
 492467
 6492467
 26492467
 692467
 3692467
 23692467
 3467
 63467
 563467
 1563467
 21563467
 3563467
 4563467
 34563467
 9563467
 19563467
 39563467
 8467
 78467
 378467
 578467
 3578467
 4578467
 878467
 6878467
 16878467
 9878467
 19878467
 98467
 398467
 3398467
 33398467
 4398467
 6398467
 16398467
 46398467
 498467
 8498467
 9467
 59467
 459467
 659467
 7659467
 37659467
 759467
 2759467
 8759467
 18759467
 9759467
 959467
 69467
 869467
 7869467
 37869467
 9869467
 19869467
 969467
 2969467
 32969467
 3969467
 23969467
 967
 3967
 13967
 613967
 5613967
 15613967
 8613967
 18613967
 33967
 133967
 8133967
 18133967
 433967
 2433967
 32433967
 3433967
 9433967
 633967
 1633967
 21633967
 31633967
 6633967
 933967
 4933967
 6933967
 16933967
 93967
 493967
 5493967
 8493967
 18493967
 693967
 7693967
 17693967
 9693967
 19693967
 793967
 4967
 24967
 424967
 2424967
 5424967
 724967
 3724967
 5724967
 8724967
 18724967
 924967
 7924967
 84967
 184967
 2184967
 12184967
 32184967
 6184967
 6967
 9967
 79967
 279967
 4279967
 579967
 9579967
 19579967
 97
 197
 5197
 45197
 845197
 6197
 56197
 356197
 1356197
 9356197
 79356197
 86197
 686197
 1686197
 786197
 3786197
 986197
 4986197
 6986197
 7986197
 67986197
 397
 4397
 94397
 294397
 3294397
 13294397
 594397
 4594397
 7594397
 9594397
 6397
 9397
 39397
 139397
 9139397
 739397
 3739397
 8739397
 68739397
 79397
 279397
 6279397
 379397
 2379397
 5379397
 75379397
 99397
 499397
 5499397
 6499397
 797
 2797
 32797
 432797
 5432797
 8432797
 42797
 242797
 542797
 7542797
 642797
 2642797
 72797
 372797
 3372797
 3797
 33797
 633797
 3633797
 9633797
 69633797
 933797
 997
 1997
 21997
 121997
 421997
 2421997
 6421997
 621997
 6621997
 7621997
 721997
 8721997
 91997
 291997
 691997
 891997
 1891997
 9891997
 6997
 36997
 336997
 1336997
 636997
 1636997
 7636997
 9636997
 46997
 846997
 946997
 3946997
 6946997
 96997
 396997
 3396997
 6396997
 16396997
 496997
