 1
 3
 11
 13
 23
 31
 41
 43
 53
 61
 71
 101
 113
 131
 211
 223
 241
 271
 311
 313
 331
 353
 361
 401
 431
 443
 461
 523
 541
 571
 601
 613
 631
 641
 643
 653
 661
 701
 743
 761
 811
 823
 841
 853
 911
 941
 961
 971
 1013
 1031
 1061
 1223
 1361
 1523
 1571
 1601
 1613
 1811
 1823
 2113
 2131
 2311
 2971
 3061
 3271
 3313
 3331
 3361
 3461
 3541
 3571
 3613
 3631
 3643
 3701
 3761
 3823
 3853
 3911
 4013
 4211
 4241
 4271
 4523
 4643
 5113
 5431
 5443
 5641
 5653
 5701
 5743
 6113
 6131
 6211
 6241
 6271
 6311
 6353
 6361
 6571
 6653
 6661
 6701
 6761
 6823
 6841
 6911
 6961
 6971
 7013
 7211
 7331
 7523
 7541
 7643
 7823
 7841
 8311
 8353
 8431
 8443
 8461
 8641
 8761
 8941
 8971
 9013
 9241
 9311
 9431
 9461
 9601
 9613
 9631
 9643
 9661
 9743
 9811
 9941
 10061
 10211
 10223
 10271
 10313
 10331
 10601
 10613
 10631
 12113
 13313
 13331
 13613
 15443
 15641
 16361
 16661
 16823
 18311
 18353
 18443
 18461
 19013
 19661
 21523
 21601
 21613
 23761
 23911
 26113
 26701
 27211
 27541
 27823
 29311
 30211
 30223
 30271
 30313
 30631
 31223
 31601
 32971
 33331
 33461
 33613
 33911
 34211
 36131
 36241
 36353
 36571
 36653
 36761
 37013
 37643
 38431
 38461
 38971
 39241
 39461
 39601
 39631
 42131
 43271
 43313
 43331
 43541
 43613
 43853
 45641
 46271
 48311
 48353
 48761
 49613
 49811
 51361
 51613
 54013
 56113
 56131
 56311
 56701
 56911
 57331
 59743
 60223
 60271
 60331
 60601
 60631
 61223
 61613
 62131
 62311
 62971
 63313
 63331
 63361
 63541
 63761
 63823
 64013
 64271
 65701
 66271
 66361
 66571
 66653
 66701
 66841
 67211
 67523
 68311
 68443
 69431
 69661
 69941
 70061
 70223
 70271
 70313
 73061
 73331
 73361
 73571
 73613
 73643
 73823
 75431
 75641
 75653
 75743
 76961
 78311
 78941
 79241
 79601
 79613
 79631
 79811
 81223
 83701
 83761
 83911
 84211
 84523
 86113
 86131
 86311
 86353
 87013
 87211
 87523
 87541
 87643
 89431
 90271
 90313
 90631
 91571
 91811
 91823
 92311
 93701
 93761
 93911
 95443
 95701
 96211
 96353
 96661
 96823
 96911
 97523
 97841
 98443
 98641
 99013
 99241
 99431
 99643
 99661
 100271
 100313
 100613
 103613
 103643
 105653
 105701
 106661
 106823
 106961
 108461
 108761
 108971
 109013
 109661
 121523
 123911
 127541
 130211
 130223
 130631
 132971
 138461
 139241
 156131
 162971
 165701
 166571
 166841
 169661
 183761
 184211
 184523
 186113
 186311
 187211
 190271
 190313
 195443
 196661
 198641
 213613
 215443
 216661
 218461
 231223
 233911
 234211
 236653
 239461
 243613
 246271
 249811
 261223
 263761
 264013
 266701
 267523
 269431
 270223
 270271
 273061
 273613
 273643
 275641
 276961
 279613
 293701
 296353
 296911
 297523
 297841
 303613
 303643
 306661
 308761
 309013
 313331
 313613
 316661
 318443
 323761
 326113
 326701
 327211
 327823
 330271
 330313
 333331
 333911
 336353
 336571
 336653
 336761
 337013
 338431
 338461
 339601
 339631
 342131
 343313
 348353
 351361
 356113
 356311
 356701
 360223
 360271
 361223
 363313
 363361
 363541
 363761
 364271
 366701
 366841
 368443
 369661
 370061
 373361
 373613
 373823
 375743
 378941
 379811
 381223
 386131
 391823
 393761
 395443
 395701
 396353
 399241
 399643
 400313
 405701
 406661
 408461
 408971
 427541
 436571
 439601
 439631
 451361
 462131
 462311
 463313
 463823
 465701
 483761
 487013
 487211
 489431
 490271
 490313
 490631
 495701
 496211
 499661
 513313
 516361
 518311
 534211
 536353
 542131
 543313
 543853
 545641
 548761
 564013
 564271
 566653
 566701
 569431
 573571
 575431
 578311
 579613
 597523
 603613
 606961
 612113
 616361
 618311
 626113
 626701
 627541
 629311
 631223
 632971
 633461
 633613
 634211
 636241
 636353
 636653
 636761
 638431
 638971
 639601
 639631
 645641
 646271
 649613
 651361
 656113
 656311
 656701
 660271
 660601
 661613
 663331
 663541
 663823
 664271
 667211
 669661
 670223
 673613
 673643
 675743
 676961
 678941
 683701
 683911
 686131
 686353
 687013
 687523
 687541
 689431
 690271
 693701
 695701
 696823
 697523
 698641
 699241
 703643
 706661
 706961
 721613
 723761
 726701
 727211
 727541
 727823
 732971
 733331
 739241
 739601
 739631
 751613
 756131
 757331
 763823
 766361
 769661
 783701
 784211
 786311
 787541
 790271
 798443
 798641
 799661
 813613
 818353
 833461
 836131
 836761
 843331
 843613
 846271
 848761
 861613
 864013
 866653
 867211
 870223
 870271
 873331
 873571
 873643
 891571
 891823
 893701
 896353
 903613
 905701
 906823
 913331
 915641
 916361
 918353
 918443
 919013
 921523
 921601
 926113
 926701
 927541
 929311
 930211
 933613
 943541
 949811
 951361
 956113
 956311
 957331
 960331
 960601
 961613
 962131
 962971
 963331
 963761
 966271
 966653
 968311
 969431
 970061
 970313
 973331
 973823
 975743
 983701
 983911
 984211
 986113
 986131
 987013
 987211
 987523
 987541
 990313
 990631
 991811
 995443
 996211
 998443
 999431
 1000313
 1005701
 1027211
 1039631
 1054013
 1056113
 1056311
 1056911
 1059743
 1060223
 1060271
 1062311
 1063541
 1063823
 1068311
 1083911
 1086353
 1095443
 1098443
 1239461
 1249811
 1261223
 1263761
 1270271
 1293701
 1297523
 1297841
 1303613
 1306661
 1309013
 1326701
 1330313
 1333331
 1339601
 1339631
 1360223
 1363361
 1363541
 1368443
 1518311
 1542131
 1545641
 1548761
 1569431
 1626701
 1638431
 1651361
 1656311
 1660601
 1686353
 1689431
 1813613
 1818353
 1836761
 1867211
 1870223
 1893701
 1896353
 1929311
 1960331
 1962131
 1983701
 1984211
 1987523
 1998443
 2130631
 2162971
 2165701
 2186113
 2190271
 2195443
 2313613
 2336353
 2366701
 2370061
 2373823
 2375743
 2393761
 2396353
 2405701
 2406661
 2408971
 2427541
 2436571
 2463313
 2487211
 2496211
 2499661
 2636353
 2649613
 2664271
 2667211
 2670223
 2678941
 2723761
 2726701
 2733331
 2739241
 2739631
 2763823
 2798641
 2799661
 2913331
 2919013
 2943541
 2961613
 2970313
 2973331
 3005701
 3068311
 3086353
 3098443
 3132971
 3243613
 3276961
 3293701
 3297841
 3309013
 3316661
 3333331
 3337013
 3338431
 3339601
 3348353
 3360223
 3363541
 3366841
 3381223
 3395701
 3396353
 3399241
 3406661
 3436571
 3462131
 3462311
 3483761
 3490271
 3513313
 3518311
 3534211
 3566701
 3569431
 3579613
 3606961
 3618311
 3626113
 3639631
 3673613
 3675743
 3686131
 3703643
 3706961
 3751613
 3757331
 3786311
 3799661
 3891571
 3913331
 3918353
 3918443
 3921601
 3926113
 3929311
 3956311
 3966271
 3970313
 3973331
 3983911
 3986113
 3987013
 3987523
 3995443
 3996211
 4027211
 4215443
 4216661
 4234211
 4261223
 4263761
 4270223
 4275641
 4293701
 4296353
 4297523
 4297841
 4303613
 4303643
 4309013
 4327823
 4336571
 4338431
 4356311
 4363361
 4369661
 4395701
 4543313
 4545641
 4564013
 4564271
 4573571
 4626113
 4629311
 4638971
 4639631
 4663331
 4663541
 4686131
 4687013
 4695701
 4696823
 4836131
 4846271
 4873643
 4891823
 4905701
 4906823
 4921523
 4921601
 4927541
 4951361
 4960601
 4962131
 4983701
 4986131
 4987523
 4990313
 4990631
 5127541
 5336761
 5370061
 5391823
 5393761
 5396353
 5451361
 5462131
 5462311
 5490313
 5490631
 5618311
 5633461
 5661613
 5664271
 5673643
 5676961
 5678941
 5706661
 5756131
 5757331
 5766361
 5784211
 5787541
 5790271
 5963761
 6056311
 6083911
 6139241
 6156131
 6165701
 6166571
 6166841
 6183761
 6187211
 6190313
 6198641
 6231223
 6234211
 6239461
 6273061
 6273643
 6275641
 6296911
 6308761
 6309013
 6323761
 6336571
 6339631
 6363541
 6363761
 6368443
 6370061
 6373613
 6395443
 6399643
 6405701
 6408461
 6436571
 6463823
 6483761
 6490271
 6490313
 6496211
 6542131
 6543853
 6545641
 6566701
 6578311
 6626701
 6631223
 6633461
 6639601
 6639631
 6645641
 6646271
 6651361
 6656311
 6660601
 6673613
 6687013
 6687523
 6695701
 6727541
 6756131
 6769661
 6783701
 6813613
 6836131
 6846271
 6873331
 6873571
 6891823
 6913331
 6961613
 6962971
 6963331
 6975743
 6987523
 6996211
 6999431
 7000313
 7027211
 7056311
 7060223
 7083911
 7216661
 7234211
 7273061
 7306661
 7309013
 7327211
 7333331
 7338431
 7368443
 7399241
 7399643
 7516361
 7542131
 7569431
 7626701
 7627541
 7632971
 7638971
 7639601
 7660271
 7663823
 7687013
 7690271
 7696823
 7698641
 7813613
 7818353
 7833461
 7836761
 7843331
 7846271
 7848761
 7861613
 7896353
 7903613
 7906823
 7926701
 7986113
 7987013
 7987541
 7995443
 7998443
 8127541
 8130631
 8162971
 8165701
 8166841
 8169661
 8183761
 8184523
 8187211
 8333911
 8337013
 8373361
 8373823
 8393761
 8408461
 8408971
 8439601
 8462131
 8463313
 8490271
 8495701
 8499661
 8633461
 8634211
 8675743
 8678941
 8706961
 8727211
 8769661
 8916361
 8963761
 8966653
 9060223
 9083911
 9086353
 9121523
 9130211
 9166571
 9166841
 9169661
 9183761
 9184523
 9186311
 9196661
 9216661
 9243613
 9267523
 9303643
 9313613
 9316661
 9318443
 9326113
 9327211
 9339601
 9356311
 9356701
 9360271
 9373361
 9427541
 9439601
 9462311
 9487013
 9487211
 9490631
 9495701
 9516361
 9534211
 9536353
 9548761
 9566701
 9569431
 9578311
 9629311
 9639601
 9646271
 9651361
 9660271
 9667211
 9669661
 9670223
 9683911
 9687523
 9695701
 9703643
 9706661
 9723761
 9727541
 9732971
 9739241
 9751613
 9799661
 9813613
 9818353
 9836131
 9846271
 9861613
 9866653
 9867211
 9891823
 9918353
 9921601
 9933613
 9956113
 9956311
 9957331
 9961613
 9969431
 9973331
 9986113
 9987013
 9991811
 9996211
 10056113
 10056311
 10059743
 10233911
 10273643
 10276961
 10279613
 10296353
 10306661
 10339601
 10351361
 10356113
 10356701
 10360271
 10363313
 10363361
 10366841
 10381223
 10395443
 10399241
 10516361
 10518311
 10534211
 10566653
 10575431
 10578311
 10626113
 10639631
 10663823
 10687013
 10689431
 10698641
 10813613
 10833461
 10905701
 10927541
 10930211
 10933613
 10960601
 10962131
 10962971
 10987523
 10987541
 10990631
 10995443
 12130631
 12162971
 12336353
 12375743
 12408971
 12463313
 12499661
 12649613
 12670223
 12798641
 12919013
 13005701
 13360223
 13363541
 13399241
 13518311
 13534211
 13566701
 13639631
 13686131
 13956311
 13986113
 15391823
 15462131
 15462311
 15490313
 15678941
 15756131
 16083911
 16543853
 16578311
 16996211
 18127541
 18162971
 18337013
 18393761
 18408461
 18462131
 18499661
 18675743
 18769661
 18963761
 19327211
 19516361
 19534211
 19536353
 19818353
 19861613
 19957331
 19987013
 21239461
 21263761
 21330313
 21360223
 21363361
 21638431
 21656311
 21870223
 21983701
 21984211
 21987523
 23751613
 23970313
 24263761
 24270223
 24297841
 24309013
 24369661
 24543313
 24564271
 24836131
 24905701
 24921601
 24927541
 24960601
 26156131
 26190313
 26363761
 26483761
 26673613
 26769661
 26975743
 26999431
 27027211
 27234211
 27309013
 27399241
 27542131
 27632971
 27638971
 27836761
 27848761
 27987013
 27987541
 29121523
 29439601
 29462311
 29487013
 29495701
 29703643
 29732971
 29751613
 29918353
 30056113
 30273643
 30296353
 30339601
 30351361
 30363313
 30399241
 30518311
 30689431
 30813613
 30905701
 31339601
 31339631
 31363361
 31545641
 31656311
 31686353
 31929311
 31998443
 32162971
 32313613
 32373823
 32393761
 32427541
 32649613
 32678941
 32799661
 32961613
 32970313
 32973331
 33005701
 33309013
 33333331
 33337013
 33363541
 33381223
 33399241
 33490271
 33534211
 33673613
 33966271
 33996211
 34027211
 34216661
 34303613
 34336571
 34629311
 34663331
 34846271
 34891823
 34986131
 34987523
 34990313
 35462311
 35618311
 35664271
 35706661
 35757331
 36190313
 36339631
 36363541
 36368443
 36408461
 36496211
 36631223
 36639601
 36645641
 36656311
 36673613
 36891823
 37216661
 37836761
 37843331
 37848761
 37906823
 37987541
 38166841
 38169661
 38408971
 38462131
 38727211
 38963761
 39083911
 39086353
 39169661
 39183761
 39313613
 39316661
 39356311
 39373361
 39439601
 39490631
 39516361
 39629311
 39695701
 39918353
 39973331
 39986113
 39996211
 40273643
 40296353
 40306661
 40363313
 40363361
 40516361
 40518311
 40578311
 40698641
 40813613
 40927541
 42130631
 42162971
 42186113
 42313613
 42375743
 42678941
 42799661
 42919013
 42961613
 42970313
 43333331
 43338431
 43381223
 43395701
 43399241
 43606961
 43891571
 43983911
 43995443
 45336761
 45396353
 45451361
 45490631
 45633461
 45661613
 45790271
 46234211
 46296911
 46309013
 46542131
 46545641
 46639601
 46651361
 46963331
 48165701
 48184523
 48333911
 48633461
 48966653
 49086353
 49243613
 49356311
 49356701
 49534211
 49536353
 49578311
 49660271
 49836131
 49866653
 49986113
 51249811
 51263761
 51326701
 51339601
 51360223
 51363541
 51542131
 51813613
 53316661
 53337013
 53483761
 53618311
 53786311
 53918443
 53973331
 54215443
 54263761
 54303643
 54336571
 54395701
 54663331
 54695701
 54846271
 54905701
 56198641
 56363761
 56373613
 56490271
 56961613
 57216661
 57234211
 57273061
 57327211
 57338431
 57399241
 57542131
 57569431
 57627541
 57660271
 57690271
 59166841
 59184523
 59318443
 59427541
 59646271
 59670223
 59732971
 60059743
 60279613
 60306661
 60356113
 60356701
 60516361
 60698641
 60905701
 60962131
 61239461
 61363361
 61368443
 61518311
 61813613
 61818353
 61870223
 62195443
 62313613
 62336353
 62366701
 62408971
 62436571
 62487211
 62496211
 62726701
 62733331
 62798641
 63068311
 63098443
 63243613
 63333331
 63348353
 63360223
 63363541
 63381223
 63396353
 63406661
 63569431
 63618311
 63751613
 63913331
 63918353
 63987013
 63987523
 63995443
 64275641
 64297841
 64338431
 64356311
 64564271
 64629311
 64663541
 64686131
 64687013
 64696823
 64987523
 64990313
 65451361
 65784211
 65787541
 66083911
 66156131
 66166571
 66363541
 66373613
 66545641
 66578311
 66631223
 66673613
 66813613
 66913331
 66962971
 66963331
 67368443
 67569431
 67626701
 67843331
 67987013
 67995443
 68130631
 68166841
 68675743
 68678941
 68706961
 69121523
 69166571
 69166841
 69196661
 69326113
 69360271
 69373361
 69462311
 69487013
 69566701
 69629311
 69669661
 69687523
 69706661
 69918353
 69956113
 69957331
 69986113
 69996211
 70056113
 70339601
 70356113
 70395443
 70518311
 70578311
 70663823
 70833461
 70927541
 72190271
 72313613
 72405701
 72406661
 72436571
 72636353
 72649613
 72664271
 72678941
 72739241
 73068311
 73534211
 75393761
 75451361
 75490631
 75618311
 75633461
 75673643
 75784211
 75787541
 75963761
 76239461
 76273643
 76308761
 76336571
 76399643
 76545641
 76651361
 76695701
 76846271
 76873331
 76891823
 76962971
 78127541
 78130631
 78162971
 78184523
 78187211
 78333911
 78495701
 78966653
 79356701
 79548761
 79569431
 79629311
 79660271
 79683911
 79695701
 79921601
 79956113
 79986113
 81239461
 81249811
 81293701
 81330313
 81339631
 81363361
 81870223
 81893701
 81983701
 81984211
 83396353
 83462131
 83462311
 83490271
 83703643
 83913331
 83918353
 84261223
 84275641
 84297841
 84303613
 84303643
 84369661
 84564013
 84686131
 84873643
 84921523
 84921601
 86139241
 86373613
 86405701
 86408461
 86463823
 86633461
 86645641
 86975743
 86999431
 87000313
 87338431
 87626701
 87627541
 87632971
 87687013
 87690271
 87846271
 87896353
 87987541
 87995443
 89121523
 89186311
 89318443
 89703643
 90279613
 90306661
 90356113
 90360271
 90366841
 90575431
 90833461
 90927541
 90930211
 90960601
 91293701
 91306661
 91309013
 91360223
 91542131
 91548761
 91569431
 91893701
 91929311
 91960331
 91983701
 91998443
 92186113
 92190271
 92195443
 92436571
 92463313
 92499661
 92763823
 92943541
 92961613
 92970313
 93132971
 93276961
 93293701
 93618311
 93913331
 94263761
 94270223
 94275641
 94297523
 94369661
 94395701
 94639631
 94983701
 95370061
 95391823
 95490631
 95757331
 95766361
 95784211
 95790271
 96187211
 96190313
 96273643
 96296911
 96308761
 96309013
 96363541
 96399643
 96463823
 96490271
 96545641
 96646271
 96660601
 96846271
 96999431
 97216661
 97338431
 97516361
 97632971
 97861613
 97926701
 97987013
 97998443
 98130631
 98166841
 98187211
 98337013
 98373361
 98495701
 98633461
 98675743
 98769661
 98966653
 99216661
 99267523
 99327211
 99339601
 99427541
 99629311
 99646271
 99660271
 99670223
 99683911
 99818353
 99961613
 100273643
 100339601
 100363313
 100639631
 100813613
 100962971
 102186113
 102373823
 102405701
 102436571
 102636353
 102799661
 103086353
 103276961
 103333331
 103339601
 103626113
 103639631
 103926113
 103956311
 105451361
 105462131
 105462311
 105618311
 105787541
 105963761
 106056311
 106339631
 106368443
 106566701
 106687013
 106873331
 108127541
 108166841
 108184523
 108337013
 108462131
 108490271
 108495701
 108633461
 109267523
 109566701
 109651361
 109846271
 109891823
 109921601
 109956113
 109987013
 121360223
 124297841
 124927541
 127027211
 127542131
 127632971
 127638971
 129703643
 130905701
 132427541
 132649613
 132799661
 132973331
 133005701
 133381223
 135706661
 136339631
 136368443
 139629311
 139695701
 139996211
 151249811
 151326701
 153973331
 154905701
 156363761
 157338431
 157569431
 157690271
 160306661
 160356701
 160516361
 162195443
 162408971
 162496211
 162726701
 163381223
 163995443
 165787541
 166813613
 166963331
 168706961
 169360271
 169629311
 169956113
 181249811
 181293701
 181983701
 183462311
 183703643
 184303643
 184564013
 184873643
 186999431
 187000313
 187632971
 187687013
 189121523
 189186311
 189703643
 190279613
 190356113
 190930211
 195790271
 196273643
 196660601
 198187211
 198495701
 199339601
 199660271
 212130631
 212336353
 213360223
 213518311
 215391823
 215490313
 216578311
 219327211
 219516361
 219536353
 219861613
 231339631
 231929311
 234303613
 237836761
 239373361
 240363313
 240516361
 240698641
 240813613
 240927541
 242313613
 242970313
 243381223
 243983911
 245451361
 245661613
 245790271
 261518311
 261813613
 263348353
 264297841
 264356311
 264987523
 266673613
 267569431
 267626701
 267995443
 270395443
 270663823
 272190271
 272405701
 273534211
 275618311
 275787541
 276962971
 278184523
 279548761
 279569431
 279695701
 291309013
 293132971
 296187211
 296463823
 297516361
 300273643
 300813613
 300962971
 302373823
 305451361
 308337013
 309267523
 309566701
 312375743
 313518311
 315391823
 315462131
 316543853
 319516361
 319534211
 321638431
 321984211
 323970313
 324905701
 324921601
 326769661
 330056113
 331686353
 332427541
 332961613
 333309013
 333337013
 333966271
 333996211
 334663331
 334846271
 336339631
 336363541
 336496211
 337987541
 339083911
 339313613
 339490631
 339973331
 339986113
 340273643
 342961613
 343891571
 343983911
 345451361
 345633461
 346296911
 346309013
 348333911
 351263761
 351813613
 353483761
 353973331
 354215443
 354336571
 356198641
 357234211
 357327211
 357399241
 357627541
 357690271
 359184523
 360059743
 360516361
 362798641
 363243613
 363360223
 363363541
 364297841
 364564271
 364696823
 366166571
 366363541
 366913331
 368678941
 369629311
 369669661
 372678941
 375618311
 376399643
 376695701
 378184523
 379356701
 379629311
 379683911
 379921601
 381239461
 383396353
 383462311
 384303643
 384564013
 386373613
 386408461
 387690271
 390306661
 390575431
 391293701
 391309013
 391548761
 392970313
 393293701
 394639631
 396190313
 396273643
 398166841
 398187211
 398675743
 398966653
 399327211
 399646271
 399670223
 400962971
 402405701
 403276961
 403926113
 405462131
 408127541
 408166841
 408184523
 409987013
 421239461
 421656311
 423751613
 424263761
 424369661
 424927541
 426769661
 427309013
 427848761
 427987541
 429732971
 430056113
 430339601
 430399241
 430813613
 432970313
 433309013
 435757331
 451813613
 453337013
 453483761
 460306661
 462798641
 465451361
 465787541
 468130631
 468675743
 469326113
 469360271
 469687523
 469957331
 469986113
 481893701
 481983701
 484303613
 484564013
 484686131
 484921523
 484921601
 486405701
 486633461
 486645641
 487000313
 487338431
 487626701
 489318443
 490360271
 490930211
 492186113
 492195443
 492961613
 493276961
 495766361
 495790271
 496363541
 496846271
 498166841
 499339601
 512499661
 512919013
 513518311
 513986113
 515678941
 518162971
 518337013
 518499661
 519957331
 534027211
 534986131
 536190313
 542799661
 543338431
 546545641
 546651361
 549578311
 561813613
 564338431
 564356311
 564686131
 564696823
 564987523
 566166571
 569166571
 572313613
 573534211
 575393761
 575451361
 575490631
 575963761
 576336571
 578333911
 578966653
 579629311
 591293701
 591998443
 596187211
 597216661
 597338431
 597926701
 602186113
 602373823
 602799661
 603333331
 603339601
 605462311
 605618311
 606339631
 608166841
 608184523
 608337013
 609846271
 609891823
 612649613
 615462131
 616543853
 616578311
 618393761
 621239461
 621656311
 621983701
 621987523
 623970313
 624297841
 626156131
 627027211
 627234211
 627638971
 627836761
 627848761
 627987013
 629751613
 629918353
 630363313
 630399241
 630813613
 631686353
 632373823
 632961613
 632973331
 633490271
 633966271
 634303613
 634846271
 634990313
 635706661
 636631223
 638408971
 638963761
 639086353
 639439601
 639918353
 640296353
 640578311
 640927541
 642186113
 643338431
 643891571
 643983911
 645661613
 646542131
 648333911
 649356311
 649578311
 651249811
 653618311
 653918443
 656490271
 657399241
 657542131
 657660271
 659427541
 660356113
 661239461
 661518311
 662487211
 663363541
 663995443
 664275641
 665784211
 666083911
 666673613
 667987013
 668166841
 669326113
 670395443
 670833461
 672436571
 672649613
 672664271
 672739241
 675618311
 675633461
 676336571
 676399643
 676545641
 676846271
 676873331
 678130631
 679660271
 679683911
 681870223
 681984211
 684297841
 684303643
 684369661
 684686131
 686139241
 686405701
 686408461
 686463823
 687000313
 689121523
 690279613
 690356113
 690360271
 690930211
 690960601
 691893701
 691929311
 691983701
 692190271
 692961613
 694369661
 695370061
 696187211
 696296911
 696309013
 696399643
 696646271
 697861613
 697998443
 698495701
 698769661
 699427541
 702636353
 703626113
 703639631
 705787541
 705963761
 708184523
 709956113
 709987013
 721239461
 721638431
 721656311
 724836131
 724921601
 726769661
 732313613
 732678941
 732970313
 733363541
 735618311
 738169661
 739083911
 739516361
 739695701
 751326701
 751339601
 751360223
 751813613
 754695701
 754846271
 756373613
 757234211
 762195443
 762408971
 762487211
 763360223
 763569431
 765451361
 765787541
 766083911
 768130631
 769326113
 769956113
 769996211
 781249811
 781330313
 781339631
 781363361
 781893701
 783913331
 784297841
 784369661
 784686131
 786373613
 786405701
 786633461
 786999431
 787632971
 790279613
 790356113
 790930211
 792190271
 796545641
 798337013
 798633461
 799660271
 812499661
 816083911
 816543853
 818769661
 834336571
 834990313
 836673613
 837987541
 839918353
 840306661
 840813613
 845336761
 845633461
 846296911
 848966653
 849243613
 849534211
 849660271
 863751613
 866156131
 866166571
 867368443
 867626701
 869121523
 869706661
 870395443
 876308761
 876873331
 879683911
 891960331
 897998443
 899646271
 899670223
 900273643
 902186113
 903339601
 903926113
 905963761
 908127541
 909891823
 909921601
 912375743
 912408971
 912798641
 913005701
 913518311
 913534211
 913566701
 913956311
 918127541
 919534211
 919957331
 924309013
 926156131
 926673613
 929439601
 929495701
 930339601
 930351361
 930399241
 931339631
 931656311
 932678941
 933399241
 933534211
 933673613
 933996211
 934846271
 934990313
 935757331
 936190313
 936363541
 937848761
 938408971
 939086353
 939373361
 939490631
 940698641
 940813613
 942313613
 942678941
 942919013
 942970313
 943395701
 946542131
 948633461
 948966653
 949836131
 951813613
 954303643
 956198641
 957234211
 959427541
 960279613
 960356113
 961813613
 961818353
 964356311
 964629311
 966156131
 966578311
 967368443
 968166841
 972436571
 972664271
 972739241
 975393761
 975451361
 978495701
 979569431
 979683911
 979956113
 979986113
 981249811
 981293701
 983913331
 984303613
 984303643
 986405701
 990356113
 990360271
 990930211
 991293701
 991306661
 991309013
 991960331
 991998443
 992190271
 993293701
 994275641
 994297523
 995391823
 995784211
 996190313
 996646271
 996999431
 998337013
 998966653
 999267523
 999818353
 1000363313
 1000639631
 1003086353
 1005451361
 1005462131
 1005618311
 1008462131
 1008490271
 1009651361
 1009956113
 1021363361
 1024543313
 1026975743
 1027638971
 1027987013
 1029462311
 1029918353
 1030518311
 1032427541
 1032961613
 1035664271
 1038727211
 1039086353
 1051249811
 1051263761
 1051363541
 1054263761
 1054846271
 1054905701
 1057216661
 1057399241
 1057627541
 1057660271
 1060306661
 1060905701
 1063360223
 1063569431
 1063987523
 1066962971
 1069326113
 1069629311
 1069669661
 1069957331
 1081249811
 1081293701
 1084261223
 1084303613
 1086463823
 1086633461
 1087846271
 1087987541
 1090279613
 1092190271
 1092961613
 1092970313
 1093293701
 1095790271
 1096273643
 1098373361
 1213360223
 1219861613
 1267569431
 1273534211
 1276962971
 1279695701
 1296463823
 1297516361
 1308337013
 1323970313
 1336363541
 1351263761
 1357234211
 1357627541
 1360516361
 1362798641
 1363243613
 1369629311
 1383396353
 1398675743
 1399327211
 1512499661
 1512919013
 1513518311
 1534027211
 1546651361
 1549578311
 1564338431
 1564686131
 1564696823
 1575393761
 1596187211
 1602373823
 1603339601
 1624297841
 1632373823
 1684686131
 1687000313
 1690360271
 1696296911
 1816083911
 1816543853
 1848966653
 1867368443
 1869706661
 1900273643
 1926156131
 1926673613
 1939086353
 1951813613
 1960356113
 1984303613
 2124297841
 2129703643
 2132427541
 2132799661
 2156363761
 2160356701
 2169629311
 2184303643
 2184564013
 2187000313
 2190930211
 2199339601
 2199660271
 2334846271
 2346309013
 2366166571
 2379356701
 2379921601
 2394639631
 2399670223
 2405462131
 2427309013
 2433309013
 2465451361
 2469326113
 2484921601
 2615462131
 2616578311
 2636631223
 2640296353
 2643891571
 2672649613
 2672664271
 2672739241
 2675618311
 2679683911
 2709987013
 2724836131
 2724921601
 2732313613
 2735618311
 2738169661
 2739695701
 2751339601
 2765451361
 2766083911
 2769326113
 2796545641
 2913005701
 2913566701
 2919957331
 2943395701
 2966156131
 2972664271
 2978495701
 2979956113
 3003086353
 3021363361
 3029462311
 3069669661
 3084261223
 3086633461
 3087846271
 3096273643
 3132973331
 3151249811
 3151326701
 3160516361
 3169956113
 3181293701
 3183462311
 3187632971
 3198187211
 3212336353
 3216578311
 3219327211
 3234303613
 3237836761
 3240516361
 3240813613
 3243381223
 3267626701
 3267995443
 3293132971
 3300813613
 3305451361
 3312375743
 3315391823
 3331686353
 3332427541
 3333337013
 3334663331
 3339313613
 3343983911
 3353483761
 3354336571
 3356198641
 3362798641
 3363243613
 3364564271
 3364696823
 3379629311
 3398187211
 3398675743
 3402405701
 3421239461
 3424263761
 3432970313
 3451813613
 3465787541
 3469687523
 3486405701
 3487338431
 3492961613
 3496846271
 3499339601
 3543338431
 3549578311
 3564338431
 3569166571
 3575490631
 3591293701
 3596187211
 3597926701
 3602186113
 3618393761
 3627848761
 3632961613
 3640927541
 3642186113
 3643983911
 3657399241
 3660356113
 3676336571
 3676545641
 3681870223
 3690279613
 3690356113
 3690960601
 3695370061
 3696646271
 3698495701
 3698769661
 3699427541
 3709987013
 3721239461
 3721656311
 3763569431
 3781330313
 3784686131
 3786999431
 3790930211
 3840306661
 3846296911
 3849243613
 3849660271
 3913518311
 3919957331
 3930351361
 3930399241
 3931339631
 3933399241
 3933673613
 3959427541
 3966578311
 3967368443
 3979569431
 3984303643
 3990360271
 3990930211
 3991293701
 3991960331
 3994297523
 3999267523
 4005618311
 4027987013
 4030518311
 4060306661
 4063987523
 4081249811
 4098373361
 4212336353
 4237836761
 4240698641
 4240927541
 4242313613
 4243983911
 4275618311
 4276962971
 4279569431
 4296187211
 4297516361
 4333966271
 4336363541
 4360516361
 4363360223
 4383462311
 4384303643
 4578333911
 4602799661
 4603333331
 4609846271
 4627836761
 4630813613
 4638963761
 4681870223
 4681984211
 4684297841
 4686405701
 4690356113
 4698769661
 4866156131
 4903339601
 4903926113
 4929439601
 4932678941
 4966578311
 4983913331
 4992190271
 4998337013
 5127542131
 5133381223
 5136339631
 5151249811
 5156363761
 5157690271
 5160356701
 5181249811
 5187632971
 5187687013
 5334663331
 5336496211
 5366166571
 5376399643
 5378184523
 5379356701
 5391293701
 5391548761
 5399670223
 5421656311
 5427848761
 5427987541
 5430399241
 5435757331
 5451813613
 5465451361
 5469326113
 5469957331
 5481893701
 5481983701
 5495766361
 5616543853
 5636631223
 5640578311
 5643338431
 5646542131
 5649356311
 5661518311
 5691929311
 5696646271
 5705787541
 5708184523
 5754846271
 5756373613
 5757234211
 5762195443
 5763360223
 5763569431
 5769956113
 5781249811
 5781363361
 5786373613
 5787632971
 5799660271
 5913518311
 5939373361
 5940698641
 5942313613
 5942678941
 5949836131
 5991293701
 5991309013
 5994275641
 5996190313
 6005462131
 6026975743
 6027638971
 6029462311
 6029918353
 6051249811
 6051263761
 6057216661
 6060306661
 6063569431
 6066962971
 6069957331
 6084303613
 6124297841
 6127638971
 6130905701
 6132649613
 6160306661
 6165787541
 6169360271
 6169629311
 6184564013
 6190930211
 6198187211
 6198495701
 6212336353
 6215391823
 6215490313
 6240698641
 6240813613
 6240927541
 6245451361
 6263348353
 6264987523
 6279569431
 6296187211
 6300813613
 6302373823
 6321984211
 6324905701
 6339973331
 6343983911
 6353483761
 6369629311
 6372678941
 6379356701
 6379683911
 6379921601
 6381239461
 6387690271
 6390575431
 6393293701
 6402405701
 6403276961
 6408127541
 6409987013
 6453483761
 6465787541
 6484921523
 6484921601
 6498166841
 6512499661
 6512919013
 6513986113
 6515678941
 6546651361
 6561813613
 6572313613
 6575393761
 6578333911
 6603339601
 6606339631
 6616543853
 6623970313
 6630813613
 6631686353
 6632973331
 6633490271
 6640927541
 6645661613
 6649578311
 6653618311
 6657399241
 6657660271
 6660356113
 6664275641
 6675618311
 6676399643
 6678130631
 6684303643
 6698769661
 6705787541
 6708184523
 6721239461
 6721638431
 6721656311
 6724921601
 6732970313
 6735618311
 6766083911
 6784369661
 6834990313
 6840813613
 6845633461
 6849243613
 6866156131
 6905963761
 6913956311
 6930351361
 6931656311
 6933673613
 6937848761
 6939086353
 6940698641
 6940813613
 6942970313
 6946542131
 6957234211
 6960356113
 6981293701
 6994275641
 6994297523
 7005451361
 7005462131
 7026975743
 7030518311
 7032961613
 7035664271
 7063360223
 7095790271
 7212336353
 7219861613
 7240927541
 7243983911
 7261518311
 7270395443
 7279569431
 7300813613
 7324905701
 7360059743
 7369669661
 7386408461
 7393293701
 7398675743
 7536190313
 7543338431
 7561813613
 7564696823
 7572313613
 7576336571
 7591293701
 7591998443
 7597216661
 7605462311
 7609891823
 7627027211
 7630363313
 7632373823
 7632961613
 7638408971
 7653918443
 7657399241
 7657660271
 7663363541
 7686408461
 7686463823
 7689121523
 7690960601
 7692961613
 7834336571
 7839918353
 7845336761
 7845633461
 7846296911
 7866156131
 7866166571
 7891960331
 7905963761
 7909891823
 7909921601
 7929439601
 7930351361
 7935757331
 7936363541
 7981293701
 7984303643
 7986405701
 7993293701
 8127632971
 8127638971
 8129703643
 8139996211
 8160516361
 8162496211
 8183703643
 8190279613
 8195790271
 8319534211
 8334663331
 8364297841
 8375618311
 8379629311
 8399646271
 8403276961
 8424369661
 8430339601
 8432970313
 8435757331
 8465787541
 8468130631
 8481983701
 8486405701
 8487626701
 8492961613
 8496363541
 8612649613
 8649356311
 8661518311
 8670395443
 8672739241
 8678130631
 8696646271
 8703639631
 8721656311
 8726769661
 8751360223
 8762408971
 8765451361
 8769326113
 8769956113
 8769996211
 8786373613
 8786405701
 8912408971
 8940813613
 8942313613
 8942970313
 8943395701
 8966156131
 8972739241
 8991998443
 9000363313
 9000639631
 9008462131
 9009956113
 9054263761
 9054905701
 9063360223
 9069326113
 9069957331
 9081249811
 9092190271
 9093293701
 9096273643
 9124927541
 9130905701
 9139629311
 9153973331
 9157569431
 9162408971
 9183462311
 9184303643
 9190356113
 9195790271
 9215490313
 9239373361
 9240813613
 9245451361
 9245661613
 9267626701
 9275618311
 9300962971
 9309566701
 9316543853
 9334846271
 9336339631
 9336363541
 9339986113
 9340273643
 9351813613
 9354336571
 9360059743
 9363243613
 9366166571
 9383396353
 9390306661
 9391293701
 9391309013
 9398966653
 9399646271
 9403926113
 9430056113
 9462798641
 9481983701
 9484686131
 9486405701
 9486633461
 9487338431
 9492961613
 9515678941
 9542799661
 9564356311
 9573534211
 9576336571
 9578333911
 9605618311
 9621239461
 9624297841
 9627836761
 9629751613
 9631686353
 9643338431
 9646542131
 9649578311
 9656490271
 9659427541
 9664275641
 9667987013
 9672664271
 9679660271
 9690930211
 9702636353
 9708184523
 9709987013
 9721638431
 9732678941
 9735618311
 9739083911
 9739695701
 9751813613
 9762487211
 9769326113
 9769956113
 9783913331
 9787632971
 9790356113
 9790930211
 9840306661
 9867626701
 9912798641
 9926673613
 9931339631
 9932678941
 9933534211
 9933996211
 9940698641
 9943395701
 9948966653
 9949836131
 9966578311
 9972436571
 9972664271
 9979683911
 9984303613
 9990930211
 9993293701
 9996999431
 10008462131
 10026975743
 10051249811
 10054263761
 10057216661
 10069669661
 10081249811
 10084261223
 10090279613
 10240363313
 10263348353
 10267626701
 10278184523
 10300813613
 10305451361
 10309267523
 10332427541
 10351813613
 10356198641
 10363363541
 10368678941
 10384564013
 10518337013
 10542799661
 10546651361
 10572313613
 10575451361
 10578966653
 10579629311
 10591293701
 10602186113
 10602373823
 10606339631
 10608184523
 10624297841
 10627638971
 10627836761
 10632973331
 10635706661
 10657399241
 10657660271
 10681870223
 10681984211
 10686139241
 10690960601
 10692961613
 10812499661
 10867626701
 10870395443
 10930351361
 10930399241
 10933996211
 10959427541
 10990930211
 10995784211
 12190930211
 12615462131
 12679683911
 12943395701
 13029462311
 13356198641
 13362798641
 13398675743
 13575490631
 13591293701
 13627848761
 13990360271
 13990930211
 15151249811
 15157690271
 15421656311
 15435757331
 15451813613
 15469326113
 15636631223
 15691929311
 15708184523
 15756373613
 15786373613
 15799660271
 15939373361
 15942313613
 15949836131
 15994275641
 16027638971
 16029462311
 16296187211
 16302373823
 16381239461
 16387690271
 16390575431
 16512919013
 16849243613
 18195790271
 18399646271
 18432970313
 18435757331
 18465787541
 18468130631
 18661518311
 18912408971
 18942970313
 19245451361
 19245661613
 19275618311
 19564356311
 19933534211
 19984303613
 21219861613
 21267569431
 21351263761
 21357234211
 21512919013
 21546651361
 21564338431
 21602373823
 21867368443
 23343983911
 23379629311
 23424263761
 23721656311
 23967368443
 23991960331
 24027987013
 24081249811
 24276962971
 24333966271
 24360516361
 24603333331
 24609846271
 24966578311
 24992190271
 26124297841
 26169360271
 26645661613
 26675618311
 26705787541
 26721638431
 26735618311
 26937848761
 26946542131
 27393293701
 27561813613
 27591998443
 27632961613
 27653918443
 27657660271
 27686408461
 27692961613
 27834336571
 27846296911
 27866166571
 27984303643
 29130905701
 29340273643
 29492961613
 29979683911
 30026975743
 30054263761
 30368678941
 30518337013
 30591293701
 30624297841
 30681984211
 30870395443
 31273534211
 31308337013
 31357234211
 31362798641
 31369629311
 31512919013
 31549578311
 31602373823
 31816543853
 31939086353
 31984303613
 32156363761
 32672739241
 32913566701
 32972664271
 33003086353
 33151249811
 33312375743
 33333337013
 33398675743
 33432970313
 33487338431
 33642186113
 33643983911
 33660356113
 33676336571
 33681870223
 33690356113
 33709987013
 33790930211
 33913518311
 34027987013
 34030518311
 34243983911
 34363360223
 34684297841
 35160356701
 35391548761
 35399670223
 35430399241
 35469957331
 35691929311
 35705787541
 35754846271
 35756373613
 35786373613
 36005462131
 36027638971
 36057216661
 36060306661
 36190930211
 36212336353
 36339973331
 36387690271
 36484921523
 36484921601
 36653618311
 36678130631
 36721656311
 36840813613
 36913956311
 36930351361
 37005451361
 37032961613
 37063360223
 37240927541
 37360059743
 37576336571
 37597216661
 37689121523
 37839918353
 37909921601
 37936363541
 38435757331
 38612649613
 38649356311
 38672739241
 38786405701
 39008462131
 39081249811
 39139629311
 39275618311
 39300962971
 39360059743
 39399646271
 39403926113
 39624297841
 39629751613
 39659427541
 39664275641
 39667987013
 39702636353
 39732678941
 39739695701
 39762487211
 39912798641
 39979683911
 40051249811
 40627638971
 40657399241
 40681870223
 40692961613
 40933996211
 40995784211
 42156363761
 42346309013
 42640296353
 42672664271
 42679683911
 42739695701
 42765451361
 42796545641
 42979956113
 43216578311
 43240813613
 43990930211
 45156363761
 45399670223
 45421656311
 45451813613
 45705787541
 45940698641
 46005462131
 46027638971
 46051263761
 46057216661
 46240813613
 46263348353
 46264987523
 46369629311
 46381239461
 46630813613
 46657399241
 46866156131
 46939086353
 46981293701
 48195790271
 48487626701
 48649356311
 48670395443
 48762408971
 48972739241
 49000639631
 49069326113
 49096273643
 49245451361
 49267626701
 49309566701
 49336339631
 49605618311
 49627836761
 49659427541
 49932678941
 49984303613
 51357234211
 51816083911
 51869706661
 51900273643
 51926156131
 51926673613
 53132973331
 53181293701
 53334663331
 53339313613
 53343983911
 53421239461
 53486405701
 53487338431
 53676545641
 53696646271
 53721239461
 54279569431
 54866156131
 56124297841
 56127638971
 56169360271
 56169629311
 56198187211
 56372678941
 56379921601
 56402405701
 56453483761
 56465787541
 56645661613
 56732970313
 56994275641
 57270395443
 57369669661
 57564696823
 57605462311
 57630363313
 59153973331
 59157569431
 59391293701
 59643338431
 59649578311
 60008462131
 60054263761
 60518337013
 60591293701
 60627638971
 60657399241
 60690960601
 60692961613
 60995784211
 61351263761
 61684686131
 61696296911
 61816083911
 61939086353
 62156363761
 62190930211
 62465451361
 62735618311
 62751339601
 62943395701
 63029462311
 63132973331
 63267626701
 63364564271
 63398187211
 63402405701
 63451813613
 63549578311
 63597926701
 63690356113
 63695370061
 63699427541
 63781330313
 63786999431
 63790930211
 63919957331
 63959427541
 64242313613
 64296187211
 64602799661
 64627836761
 64686405701
 64698769661
 64966578311
 64983913331
 65156363761
 65157690271
 65187687013
 65378184523
 65399670223
 65469957331
 65495766361
 65757234211
 65769956113
 65939373361
 66063569431
 66066962971
 66296187211
 66339973331
 66379683911
 66390575431
 66465787541
 66512499661
 66657399241
 66705787541
 66721239461
 66994297523
 67030518311
 67063360223
 67240927541
 67386408461
 67605462311
 67609891823
 67657399241
 67846296911
 67866156131
 68661518311
 68672739241
 68765451361
 68769326113
 68786373613
 68991998443
 69162408971
 69245661613
 69316543853
 69391293701
 69542799661
 69578333911
 69643338431
 69732678941
 69751813613
 69790356113
 69931339631
 69972436571
 69972664271
 70051249811
 70069669661
 70081249811
 70591293701
 70602186113
 70681870223
 70867626701
 72129703643
 72199660271
 72672649613
 72675618311
 72765451361
 72766083911
 72913005701
 72979956113
 73234303613
 73237836761
 73267995443
 73305451361
 73353483761
 73575490631
 73591293701
 73690960601
 73695370061
 73849243613
 73966578311
 73999267523
 75133381223
 75181249811
 75334663331
 75336496211
 75391293701
 75391548761
 75421656311
 75636631223
 75646542131
 75763360223
 75781249811
 75996190313
 76026975743
 76027638971
 76029918353
 76084303613
 76215490313
 76240813613
 76245451361
 76353483761
 76512919013
 76572313613
 76630813613
 76632973331
 76657399241
 76834990313
 76845633461
 78127638971
 78129703643
 78183703643
 78190279613
 78364297841
 78399646271
 78661518311
 78696646271
 78769956113
 78942970313
 79000363313
 79275618311
 79354336571
 79383396353
 79398966653
 79515678941
 79605618311
 79933534211
 79984303613
 79993293701
 81213360223
 81297516361
 81323970313
 81360516361
 81362798641
 81816083911
 81869706661
 81984303613
 83151326701
 83169956113
 83315391823
 83486405701
 83492961613
 83642186113
 83790930211
 83979569431
 83991960331
 84027987013
 84212336353
 84276962971
 84333966271
 84383462311
 84992190271
 86124297841
 86165787541
 86184564013
 86198187211
 86339973331
 86379683911
 86403276961
 86664275641
 86724921601
 86933673613
 86940698641
 86942970313
 87398675743
 87576336571
 87591998443
 87657399241
 87845633461
 87846296911
 87866166571
 87930351361
 87993293701
 89184303643
 89340273643
 89391309013
 89646542131
 89708184523
 89739083911
 89769326113
 89769956113
 89912798641
 90263348353
 90635706661
 90692961613
 90990930211
 91219861613
 91273534211
 91279695701
 91336363541
 91357234211
 91549578311
 91564686131
 91596187211
 91602373823
 91603339601
 91690360271
 91696296911
 91848966653
 91960356113
 92124297841
 92169629311
 92184564013
 92334846271
 92379356701
 92405462131
 92433309013
 92615462131
 92679683911
 92732313613
 92769326113
 92913005701
 93021363361
 93029462311
 93069669661
 93198187211
 93216578311
 93243381223
 93267626701
 93293132971
 93331686353
 93353483761
 93364696823
 93379629311
 93398675743
 93496846271
 93543338431
 93696646271
 93721656311
 93840306661
 94279569431
 94681870223
 95127542131
 95133381223
 95181249811
 95187632971
 95495766361
 95616543853
 95661518311
 95696646271
 95991293701
 95996190313
 96063569431
 96130905701
 96160306661
 96215391823
 96300813613
 96379356701
 96453483761
 96498166841
 96513986113
 96561813613
 96578333911
 96606339631
 96675618311
 96676399643
 96678130631
 96866156131
 96946542131
 96994297523
 97240927541
 97243983911
 97386408461
 97663363541
 97905963761
 97986405701
 98190279613
 98435757331
 98612649613
 98661518311
 98721656311
 98762408971
 98912408971
 98966156131
 99069326113
 99124927541
 99267626701
 99275618311
 99336363541
 99383396353
 99399646271
 99486405701
 99486633461
 99492961613
 99573534211
 99624297841
 99627836761
 99631686353
 99649578311
 99783913331
 99840306661
 99949836131
 100008462131
 100051249811
 100870395443
 102132427541
 102169629311
 102399670223
 102484921601
 102724921601
 102735618311
 102765451361
 102919957331
 103087846271
 103237836761
 103243381223
 103267626701
 103602186113
 103632961613
 103690356113
 103698495701
 103966578311
 105136339631
 105151249811
 105481983701
 105495766361
 105754846271
 105763360223
 105799660271
 105949836131
 106063569431
 106084303613
 106512499661
 106575393761
 106840813613
 106930351361
 108160516361
 108487626701
 108940813613
 109081249811
 109215490313
 109275618311
 109309566701
 109390306661
 109624297841
 109984303613
 123379629311
 123967368443
 126705787541
 126946542131
 127653918443
 130624297841
 132972664271
 133003086353
 135691929311
 138786405701
 139300962971
 151869706661
 153181293701
 153339313613
 156379921601
 157369669661
 159153973331
 159649578311
 163029462311
 163690356113
 165378184523
 165939373361
 166063569431
 166390575431
 166657399241
 168672739241
 186379683911
 192334846271
 192405462131
 193543338431
 196300813613
 198912408971
 212679683911
 213356198641
 215786373613
 216027638971
 216390575431
 218195790271
 218465787541
 219984303613
 231273534211
 231512919013
 231816543853
 231984303613
 233151249811
 233432970313
 233487338431
 234027987013
 237240927541
 237936363541
 239702636353
 240681870223
 242672664271
 245156363761
 246981293701
 248972739241
 249000639631
 249069326113
 249267626701
 249336339631
 264242313613
 264698769661
 264983913331
 266705787541
 266994297523
 267386408461
 269931339631
 272766083911
 272979956113
 273695370061
 275133381223
 279515678941
 291219861613
 291564686131
 291696296911
 293198187211
 296160306661
 296453483761
 296498166841
 299486633461
 299631686353
 302484921601
 303698495701
 315939373361
 319245661613
 319933534211
 321602373823
 321867368443
 323424263761
 326937848761
 327561813613
 327686408461
 329492961613
 330518337013
 330591293701
 333312375743
 335756373613
 335786373613
 336057216661
 339360059743
 339667987013
 340627638971
 340657399241
 340692961613
 342156363761
 343990930211
 345399670223
 345451813613
 345705787541
 345940698641
 346369629311
 348487626701
 349605618311
 351900273643
 353421239461
 356645661613
 360518337013
 360995784211
 362156363761
 362943395701
 363549578311
 363786999431
 364966578311
 367866156131
 368661518311
 369162408971
 373234303613
 373849243613
 378399646271
 378769956113
 379275618311
 379984303613
 381869706661
 383642186113
 390635706661
 391336363541
 392169629311
 392615462131
 392679683911
 393029462311
 393496846271
 393840306661
 395181249811
 395616543853
 395996190313
 396453483761
 397663363541
 398966156131
 399069326113
 399336363541
 399399646271
 399486405701
 399624297841
 399840306661
 400008462131
 403237836761
 403267626701
 403698495701
 405754846271
 408940813613
 421564338431
 421867368443
 423343983911
 423379629311
 423991960331
 424027987013
 426169360271
 427653918443
 429340273643
 456645661613
 457605462311
 459153973331
 459391293701
 460008462131
 465156363761
 466066962971
 483151326701
 483492961613
 487930351361
 487993293701
 489391309013
 489646542131
 490263348353
 493398675743
 495616543853
 498762408971
 499267626701
 499275618311
 499624297841
 499627836761
 499840306661
 513398675743
 513990360271
 518661518311
 531357234211
 531549578311
 531939086353
 533432970313
 533913518311
 536484921523
 537839918353
 537936363541
 539912798641
 540657399241
 540995784211
 542346309013
 542672664271
 545156363761
 546051263761
 548670395443
 549267626701
 563364564271
 564627836761
 567240927541
 567386408461
 567605462311
 570081249811
 570867626701
 572129703643
 572675618311
 573591293701
 576029918353
 576240813613
 576572313613
 576834990313
 578942970313
 579000363313
 579383396353
 579993293701
 591549578311
 591564686131
 597663363541
 599486405701
 599949836131
 605754846271
 606063569431
 606084303613
 609390306661
 613356198641
 615636631223
 615994275641
 618912408971
 621546651361
 623991960331
 624027987013
 624276962971
 624333966271
 626645661613
 626675618311
 627657660271
 627846296911
 629492961613
 631308337013
 633487338431
 633690356113
 634030518311
 634363360223
 636930351361
 637032961613
 637689121523
 639739695701
 639912798641
 639979683911
 640692961613
 642346309013
 642679683911
 646630813613
 648972739241
 651357234211
 656465787541
 660008462131
 660627638971
 663781330313
 664983913331
 665156363761
 665399670223
 667240927541
 669751813613
 669931339631
 670867626701
 672129703643
 676029918353
 676084303613
 679275618311
 679993293701
 683979569431
 686379683911
 687576336571
 687657399241
 690692961613
 691219861613
 691336363541
 691549578311
 691596187211
 691690360271
 692169629311
 692405462131
 692615462131
 693293132971
 695133381223
 696606339631
 696994297523
 697905963761
 699492961613
 700870395443
 702765451361
 703087846271
 705495766361
 705949836131
 721512919013
 721602373823
 723424263761
 724276962971
 724609846271
 726124297841
 726705787541
 726937848761
 727591998443
 727653918443
 735391548761
 735469957331
 735756373613
 739008462131
 739300962971
 739360059743
 739629751613
 751816083911
 753676545641
 756379921601
 756465787541
 756732970313
 760657399241
 763959427541
 765156363761
 765399670223
 765495766361
 765939373361
 768661518311
 768765451361
 768769326113
 769578333911
 781213360223
 781360516361
 781869706661
 783486405701
 784212336353
 786403276961
 786942970313
 787576336571
 787846296911
 789340273643
 789739083911
 789912798641
 792379356701
 793216578311
 793398675743
 793840306661
 795495766361
 795991293701
 798912408971
 799336363541
 813362798641
 813591293701
 815157690271
 815451813613
 816296187211
 818465787541
 831549578311
 831984303613
 836721656311
 837240927541
 837839918353
 837936363541
 839667987013
 839979683911
 842765451361
 842979956113
 845421656311
 846005462131
 848649356311
 849000639631
 849932678941
 861816083911
 863699427541
 864296187211
 864983913331
 866465787541
 867657399241
 872979956113
 873966578311
 875391548761
 875421656311
 876512919013
 878190279613
 879515678941
 879984303613
 891596187211
 893496846271
 894681870223
 899124927541
 903243381223
 905151249811
 905481983701
 909275618311
 913362798641
 913398675743
 913990360271
 913990930211
 915435757331
 915939373361
 918468130631
 918661518311
 921219861613
 921351263761
 923343983911
 923424263761
 923721656311
 924360516361
 924603333331
 924609846271
 924966578311
 927834336571
 927846296911
 931273534211
 931357234211
 933432970313
 933790930211
 934363360223
 935391548761
 935691929311
 936005462131
 936190930211
 936484921523
 936653618311
 942346309013
 942765451361
 942796545641
 945451813613
 946369629311
 949932678941
 953421239461
 954866156131
 956645661613
 957270395443
 957369669661
 959391293701
 959649578311
 962465451361
 963364564271
 963690356113
 963699427541
 963781330313
 964966578311
 965156363761
 966390575431
 966657399241
 967063360223
 968661518311
 969245661613
 969643338431
 969790356113
 969931339631
 973237836761
 976512919013
 976632973331
 976845633461
 978183703643
 979993293701
 981360516361
 983315391823
 983486405701
 983991960331
 984276962971
 984383462311
 986124297841
 990263348353
 990990930211
 991273534211
 991602373823
 992124297841
 992184564013
 992615462131
 992913005701
 993243381223
 993293132971
 993379629311
 993398675743
 993721656311
 994681870223
 995616543853
 996675618311
 996676399643
 997240927541
 998661518311
 999275618311
 999631686353
 1000051249811
 1003237836761
 1003267626701
 1003602186113
 1003966578311
 1006512499661
 1009081249811
 1021267569431
 1021357234211
 1021546651361
 1023343983911
 1024081249811
 1024276962971
 1026946542131
 1027653918443
 1035399670223
 1039629751613
 1053132973331
 1053181293701
 1053343983911
 1056124297841
 1056169629311
 1057630363313
 1062465451361
 1063398187211
 1063695370061
 1063959427541
 1065378184523
 1065757234211
 1065769956113
 1066390575431
 1068672739241
 1068765451361
 1081213360223
 1081362798641
 1081869706661
 1086184564013
 1087398675743
 1089184303643
 1092124297841
 1093021363361
 1095661518311
 1095991293701
 1098612649613
 1099627836761
 1218465787541
 1249267626701
 1249336339631
 1264983913331
 1330591293701
 1336057216661
 1362156363761
 1392615462131
 1392679683911
 1399069326113
 1533432970313
 1542672664271
 1546051263761
 1567240927541
 1627846296911
 1836721656311
 1837839918353
 1846005462131
 1866465787541
 1875391548761
 1905151249811
 1927846296911
 1936653618311
 1956645661613
 1959649578311
 1983991960331
 1986124297841
 2123379629311
 2153339313613
 2157369669661
 2159153973331
 2168672739241
 2192405462131
 2345940698641
 2379275618311
 2393496846271
 2408940813613
 2613356198641
 2639912798641
 2646630813613
 2667240927541
 2669931339631
 2670867626701
 2936484921523
 2963781330313
 2964966578311
 2967063360223
 2973237836761
 2976632973331
 2993721656311
 2996676399643
 3057630363313
 3063959427541
 3066390575431
 3068765451361
 3081362798641
 3087398675743
 3126946542131
 3130624297841
 3135691929311
 3139300962971
 3157369669661
 3186379683911
 3231816543853
 3239702636353
 3242672664271
 3264242313613
 3303698495701
 3326937848761
 3339667987013
 3342156363761
 3343990930211
 3351900273643
 3353421239461
 3368661518311
 3369162408971
 3393029462311
 3395616543853
 3395996190313
 3399069326113
 3399336363541
 3399399646271
 3399486405701
 3403267626701
 3423343983911
 3423379629311
 3427653918443
 3483151326701
 3487930351361
 3489646542131
 3498762408971
 3531357234211
 3567240927541
 3570867626701
 3579383396353
 3606063569431
 3623991960331
 3627657660271
 3633487338431
 3636930351361
 3679275618311
 3691690360271
 3695133381223
 3756732970313
 3781869706661
 3787576336571
 3816296187211
 3818465787541
 3842979956113
 3863699427541
 3913990930211
 3921219861613
 3931273534211
 3934363360223
 3935391548761
 3935691929311
 3936653618311
 3946369629311
 3969643338431
 3983991960331
 3984276962971
 3990990930211
 3992615462131
 3993379629311
 4021357234211
 4024276962971
 4035399670223
 4039629751613
 4053181293701
 4065378184523
 4216027638971
 4218195790271
 4218465787541
 4233432970313
 4249267626701
 4291564686131
 4299486633461
 4321867368443
 4327561813613
 4335786373613
 4392169629311
 4399840306661
 4548670395443
 4660627638971
 4692169629311
 4692405462131
 4816296187211
 4875391548761
 4879984303613
 4905151249811
 4909275618311
 4927834336571
 4936653618311
 4983991960331
 4992184564013
 5126946542131
 5135691929311
 5165378184523
 5166390575431
 5192334846271
 5315939373361
 5345451813613
 5346369629311
 5364966578311
 5459153973331
 5483492961613
 5637032961613
 5639979683911
 5646630813613
 5669751813613
 5676029918353
 5721512919013
 5727653918443
 5760657399241
 5765495766361
 5787576336571
 5918661518311
 5934363360223
 5936190930211
 5942796545641
 5978183703643
 6053132973331
 6053181293701
 6056124297841
 6126705787541
 6130624297841
 6132972664271
 6166390575431
 6193543338431
 6215786373613
 6233151249811
 6237936363541
 6242672664271
 6248972739241
 6272766083911
 6327561813613
 6330591293701
 6335786373613
 6345705787541
 6363786999431
 6367866156131
 6373849243613
 6379275618311
 6399399646271
 6399486405701
 6399840306661
 6400008462131
 6457605462311
 6490263348353
 6495616543853
 6499267626701
 6518661518311
 6531357234211
 6533913518311
 6545156363761
 6549267626701
 6567386408461
 6576240813613
 6637689121523
 6672129703643
 6683979569431
 6690692961613
 6703087846271
 6793398675743
 6795495766361
 6799336363541
 6875391548761
 6891596187211
 6923424263761
 6933432970313
 6936190930211
 6963781330313
 6969245661613
 6979993293701
 6990990930211
 6996675618311
 7006512499661
 7009081249811
 7023343983911
 7053181293701
 7068672739241
 7093021363361
 7219984303613
 7231512919013
 7249000639631
 7249336339631
 7264698769661
 7266994297523
 7269931339631
 7296160306661
 7302484921601
 7303698495701
 7329492961613
 7330518337013
 7335786373613
 7336057216661
 7360995784211
 7363549578311
 7392169629311
 7531357234211
 7540657399241
 7542346309013
 7576572313613
 7624027987013
 7627846296911
 7629492961613
 7651357234211
 7660008462131
 7660627638971
 7686379683911
 7687576336571
 7687657399241
 7692615462131
 7815451813613
 7837240927541
 7839979683911
 7845421656311
 7849932678941
 7861816083911
 7872979956113
 7879515678941
 7879984303613
 7903243381223
 7924603333331
 7935391548761
 7954866156131
 7959649578311
 7969245661613
 7986124297841
 8319245661613
 8421867368443
 8427653918443
 8429340273643
 8460008462131
 8465156363761
 8639912798641
 8676084303613
 8679993293701
 8691219861613
 8691549578311
 8721602373823
 8753676545641
 8765495766361
 8765939373361
 8789340273643
 8913990930211
 8915435757331
 8931357234211
 8964966578311
 8969643338431
 8969931339631
 8976512919013
 8991273534211
 8996676399643
 9000051249811
 9024276962971
 9053343983911
 9065378184523
 9081869706661
 9086184564013
 9095661518311
 9123379629311
 9123967368443
 9135691929311
 9138786405701
 9166063569431
 9166657399241
 9168672739241
 9192334846271
 9218465787541
 9240681870223
 9264983913331
 9291219861613
 9302484921601
 9319245661613
 9319933534211
 9330518337013
 9335756373613
 9345705787541
 9348487626701
 9351900273643
 9356645661613
 9364966578311
 9373849243613
 9393496846271
 9399336363541
 9399624297841
 9456645661613
 9459153973331
 9466066962971
 9513990360271
 9537936363541
 9573591293701
 9576572313613
 9579000363313
 9591549578311
 9599949836131
 9605754846271
 9626645661613
 9633690356113
 9634030518311
 9636930351361
 9642679683911
 9664983913331
 9669751813613
 9670867626701
 9687657399241
 9697905963761
 9700870395443
 9703087846271
 9721602373823
 9739300962971
 9768661518311
 9792379356701
 9793398675743
 9799336363541
 9815157690271
 9837240927541
 9842765451361
 9845421656311
 9846005462131
 9864296187211
 9867657399241
 9872979956113
 9875391548761
 9893496846271
 9924603333331
 9931273534211
 9934363360223
 9935691929311
 9945451813613
 9946369629311
 9959391293701
 9964966578311
 9990263348353
 9992913005701
 9993243381223
 9995616543853
 10056124297841
 10231984303613
 10248972739241
 10249267626701
 10249336339631
 10266994297523
 10291696296911
 10296453483761
 10299486633461
 10299631686353
 10351900273643
 10564627836761
 10576240813613
 10576834990313
 10579000363313
 10579383396353
 10599949836131
 10623991960331
 10816296187211
 10842979956113
 10921351263761
 10924603333331
 10953421239461
 10990263348353
 12168672739241
 12973237836761
 12976632973331
 13066390575431
 13231816543853
 13239702636353
 13242672664271
 13264242313613
 13351900273643
 13399336363541
 13627657660271
 13992615462131
 15166390575431
 15345451813613
 15483492961613
 15727653918443
 16215786373613
 16327561813613
 16549267626701
 18460008462131
 18465156363761
 19000051249811
 19591549578311
 21837839918353
 21846005462131
 21905151249811
 21936653618311
 23369162408971
 23931273534211
 24321867368443
 24660627638971
 24879984303613
 26367866156131
 26457605462311
 26936190930211
 26963781330313
 27269931339631
 27302484921601
 27303698495701
 27329492961613
 27392169629311
 27879515678941
 27969245661613
 29192334846271
 29319245661613
 29456645661613
 29459153973331
 29799336363541
 29946369629311
 30248972739241
 30266994297523
 30296453483761
 31399069326113
 32168672739241
 32646630813613
 33157369669661
 33186379683911
 33231816543853
 33264242313613
 33339667987013
 33399399646271
 33427653918443
 33483151326701
 33633487338431
 33756732970313
 33935391548761
 34218195790271
 34327561813613
 34399840306661
 34692169629311
 34692405462131
 35135691929311
 36166390575431
 36335786373613
 36400008462131
 36875391548761
 36979993293701
 36990990930211
 37053181293701
 37266994297523
 37302484921601
 37531357234211
 37954866156131
 38789340273643
 39053343983911
 39591549578311
 39687657399241
 39845421656311
 39934363360223
 40296453483761
 42157369669661
 42639912798641
 42667240927541
 42963781330313
 42964966578311
 43081362798641
 43399336363541
 43627657660271
 43636930351361
 43935391548761
 45135691929311
 45787576336571
 46399840306661
 48465156363761
 48991273534211
 49264983913331
 49335756373613
 49399624297841
 49579000363313
 49872979956113
 49875391548761
 49924603333331
 49990263348353
 49995616543853
 51542672664271
 51983991960331
 53135691929311
 53157369669661
 53186379683911
 53342156363761
 53343990930211
 53399486405701
 53781869706661
 53934363360223
 53969643338431
 54035399670223
 54233432970313
 54660627638971
 54905151249811
 54936653618311
 56345705787541
 56379275618311
 56672129703643
 56799336363541
 56979993293701
 57068672739241
 57093021363361
 57249000639631
 57624027987013
 57660008462131
 57687657399241
 57879984303613
 59135691929311
 59345705787541
 59456645661613
 59669751813613
 60576834990313
 60953421239461
 61959649578311
 61986124297841
 62379275618311
 62393496846271
 63242672664271
 63326937848761
 63403267626701
 63427653918443
 63913990930211
 64399840306661
 64816296187211
 64909275618311
 64927834336571
 65165378184523
 65345451813613
 65364966578311
 65459153973331
 65676029918353
 66130624297841
 66248972739241
 66335786373613
 66379275618311
 66531357234211
 66533913518311
 66545156363761
 66793398675743
 66891596187211
 66979993293701
 67219984303613
 67264698769661
 67269931339631
 67392169629311
 67627846296911
 67687576336571
 67839979683911
 67872979956113
 67903243381223
 67969245661613
 67986124297841
 68691219861613
 68753676545641
 69086184564013
 69138786405701
 69240681870223
 69291219861613
 69319933534211
 69348487626701
 69513990360271
 69837240927541
 69872979956113
 70351900273643
 70921351263761
 73326937848761
 73395996190313
 73842979956113
 73863699427541
 73935391548761
 73992615462131
 75727653918443
 78429340273643
 78753676545641
 78931357234211
 78969643338431
 79000051249811
 79081869706661
 79330518337013
 79351900273643
 79576572313613
 79605754846271
 79837240927541
 79893496846271
 79935691929311
 81249336339631
 81392679683911
 81905151249811
 81983991960331
 83399399646271
 83423379629311
 83934363360223
 84321867368443
 84335786373613
 84660627638971
 84905151249811
 84927834336571
 86130624297841
 86166390575431
 86399399646271
 86490263348353
 87068672739241
 87231512919013
 87392169629311
 87651357234211
 87686379683911
 89168672739241
 89192334846271
 89348487626701
 89459153973331
 89669751813613
 89700870395443
 90299631686353
 90599949836131
 90924603333331
 91249267626701
 91264983913331
 91336057216661
 91399069326113
 91546051263761
 91837839918353
 91959649578311
 92153339313613
 92976632973331
 92996676399643
 93063959427541
 93135691929311
 93326937848761
 93353421239461
 93399069326113
 93423379629311
 94299486633461
 94875391548761
 94879984303613
 94927834336571
 95483492961613
 95669751813613
 95936190930211
 96132972664271
 96399840306661
 96533913518311
 96683979569431
 96690692961613
 96936190930211
 96963781330313
 97093021363361
 97392169629311
 97660008462131
 97686379683911
 98639912798641
 98679993293701
 98931357234211
 99000051249811
 99095661518311
 99135691929311
 99240681870223
 99335756373613
 99393496846271
 99459153973331
 99721602373823
 99842765451361
 99867657399241
 99893496846271
 99946369629311
 100296453483761
 100351900273643
 100579000363313
 100579383396353
 100599949836131
 100924603333331
 100990263348353
 102345940698641
 103264242313613
 103399336363541
 103606063569431
 103842979956113
 105639979683911
 106053132973331
 106056124297841
 108460008462131
 108465156363761
 108691219861613
 108789340273643
 109086184564013
 109330518337013
 109846005462131
 109993243381223
 121905151249811
 129456645661613
 132168672739241
 136335786373613
 153934363360223
 153969643338431
 154233432970313
 156799336363541
 166531357234211
 166533913518311
 199893496846271
 212168672739241
 233483151326701
 236400008462131
 242157369669661
 245135691929311
 249872979956113
 263913990930211
 267264698769661
 267687576336571
 275727653918443
 299135691929311
 309846005462131
 313231816543853
 313239702636353
 319591549578311
 327392169629311
 327969245661613
 334692405462131
 340296453483761
 342639912798641
 343081362798641
 345135691929311
 349872979956113
 354035399670223
 356799336363541
 357093021363361
 363403267626701
 363913990930211
 366891596187211
 369837240927541
 373395996190313
 373863699427541
 379605754846271
 381249336339631
 384927834336571
 389168672739241
 393063959427541
 393135691929311
 395936190930211
 396690692961613
 399335756373613
 399459153973331
 399721602373823
 399842765451361
 399867657399241
 399946369629311
 400296453483761
 400579000363313
 402345940698641
 406053132973331
 421837839918353
 438789340273643
 454233432970313
 454936653618311
 456345705787541
 457687657399241
 462393496846271
 465364966578311
 466248972739241
 466531357234211
 487068672739241
 487392169629311
 490599949836131
 493399069326113
 499240681870223
 512976632973331
 516215786373613
 533427653918443
 534218195790271
 542667240927541
 543935391548761
 561986124297841
 563427653918443
 564399840306661
 566130624297841
 567219984303613
 569138786405701
 570351900273643
 579000051249811
 579081869706661
 591249267626701
 591399069326113
 594875391548761
 603842979956113
 615345451813613
 621936653618311
 627392169629311
 633264242313613
 636335786373613
 636875391548761
 637302484921601
 640296453483761
 642157369669661
 649924603333331
 659345705787541
 660576834990313
 663326937848761
 666379275618311
 667839979683911
 669086184564013
 679330518337013
 679935691929311
 681905151249811
 683934363360223
 684660627638971
 687651357234211
 693135691929311
 694299486633461
 694875391548761
 699095661518311
 699335756373613
 703399336363541
 703842979956113
 721936653618311
 724879984303613
 727879515678941
 729946369629311
 753781869706661
 756672129703643
 756979993293701
 765459153973331
 766248972739241
 768691219861613
 783423379629311
 784335786373613
 786166390575431
 786399399646271
 798931357234211
 799842765451361
 799867657399241
 812973237836761
 816327561813613
 819000051249811
 834399840306661
 837266994297523
 848991273534211
 849990263348353
 867986124297841
 878931357234211
 879081869706661
 893135691929311
 896132972664271
 903264242313613
 903399336363541
 913066390575431
 913399336363541
 913627657660271
 916549267626701
 921846005462131
 930248972739241
 930266994297523
 932646630813613
 933427653918443
 934692405462131
 937302484921601
 938789340273643
 942639912798641
 943636930351361
 943935391548761
 949399624297841
 949990263348353
 956379275618311
 966379275618311
 966533913518311
 967627846296911
 967687576336571
 969086184564013
 969872979956113
 978429340273643
 987392169629311
 987651357234211
 989459153973331
 990599949836131
 993399069326113
 995936190930211
 998931357234211
 999459153973331
 1000351900273643
 1009086184564013
 1026963781330313
 1029799336363541
 1030248972739241
 1032168672739241
 1032646630813613
 1039053343983911
 1054660627638971
 1054905151249811
 1056672129703643
 1059345705787541
 1084905151249811
 1089168672739241
 1089700870395443
 1092976632973331
 1092996676399643
 1099000051249811
 1099095661518311
 1099240681870223
 1236400008462131
 1366891596187211
 1399335756373613
 1534218195790271
 1563427653918443
 1564399840306661
 1579000051249811
 1621936653618311
 1687651357234211
 1995936190930211
 2373395996190313
 2756672129703643
 2786166390575431
 2937302484921601
 3059345705787541
 3084905151249811
 3153969643338431
 3154233432970313
 3309846005462131
 3363913990930211
 3379605754846271
 3465364966578311
 3493399069326113
 3570351900273643
 3591249267626701
 3669086184564013
 3684660627638971
 3693135691929311
 3812973237836761
 3834399840306661
 3893135691929311
 3942639912798641
 3943636930351361
 4099095661518311
 4233483151326701
 4249872979956113
 4354035399670223
 4561986124297841
 4683934363360223
 4699095661518311
 4699335756373613
 4812973237836761
 4834399840306661
 4879081869706661
 4930248972739241
 4969872979956113
 5156799336363541
 5313231816543853
 5345135691929311
 5399459153973331
 5399946369629311
 5693135691929311
 5703842979956113
 5729946369629311
 5913627657660271
 5937302484921601
 5943935391548761
 5967687576336571
 6032168672739241
 6054905151249811
 6084905151249811
 6092976632973331
 6156799336363541
 6166531357234211
 6166533913518311
 6199893496846271
 6342639912798641
 6402345940698641
 6438789340273643
 6457687657399241
 6465364966578311
 6487068672739241
 6579000051249811
 6603842979956113
 6633264242313613
 6663326937848761
 6693135691929311
 6699095661518311
 6721936653618311
 6729946369629311
 6756979993293701
 6783423379629311
 6799867657399241
 6819000051249811
 6932646630813613
 6933427653918443
 6969086184564013
 6990599949836131
 7054660627638971
 7092976632973331
 7099000051249811
 7242157369669661
 7356799336363541
 7542667240927541
 7561986124297841
 7621936653618311
 7699095661518311
 7930266994297523
 7990599949836131
 8399721602373823
 8454233432970313
 8466531357234211
 8615345451813613
 8679935691929311
 8727879515678941
 8799867657399241
 8949990263348353
 9056672129703643
 9263913990930211
 9309846005462131
 9342639912798641
 9363913990930211
 9381249336339631
 9462393496846271
 9493399069326113
 9499240681870223
 9569138786405701
 9615345451813613
 9636875391548761
 9667839979683911
 9727879515678941
 9753781869706661
 9867986124297841
 9903264242313613
 9903399336363541
 9938789340273643
 9966533913518311
 10092996676399643
 10242157369669661
 10245135691929311
 10267687576336571
 10275727653918443
 10395936190930211
 10399842765451361
 10534218195790271
 10627392169629311
 10681905151249811
 10687651357234211
 10938789340273643
 10998931357234211
 13812973237836761
 15399459153973331
 19263913990930211
 19569138786405701
 19867986124297841
 21621936653618311
 21687651357234211
 23154233432970313
 26156799336363541
 27054660627638971
 27099000051249811
 27990599949836131
 29493399069326113
 29667839979683911
 29727879515678941
 31579000051249811
 32373395996190313
 32786166390575431
 33154233432970313
 33943636930351361
 34249872979956113
 34699095661518311
 35156799336363541
 35729946369629311
 36729946369629311
 36969086184564013
 37054660627638971
 38399721602373823
 38799867657399241
 42756672129703643
 43684660627638971
 49903399336363541
 51236400008462131
 51534218195790271
 53379605754846271
 54699095661518311
 56457687657399241
 56487068672739241
 56721936653618311
 59667839979683911
 60242157369669661
 60534218195790271
 61687651357234211
 64561986124297841
 66054905151249811
 66402345940698641
 66487068672739241
 66756979993293701
 67930266994297523
 69342639912798641
 73084905151249811
 73684660627638971
 73893135691929311
 75967687576336571
 78615345451813613
 78799867657399241
 79903264242313613
 79903399336363541
 84683934363360223
 84812973237836761
 84879081869706661
 86156799336363541
 87542667240927541
 87930266994297523
 87990599949836131
 89499240681870223
 89727879515678941
 90092996676399643
 90245135691929311
 90938789340273643
 91236400008462131
 91366891596187211
 93363913990930211
 93834399840306661
 93942639912798641
 95913627657660271
 96579000051249811
 98615345451813613
 99499240681870223
 100245135691929311
 100267687576336571
 100534218195790271
 100687651357234211
 103084905151249811
 105313231816543853
 105399946369629311
 105937302484921601
 106579000051249811
 109938789340273643
 109966533913518311
 138399721602373823
 184879081869706661
 190092996676399643
 196579000051249811
 198615345451813613
 233154233432970313
 278799867657399241
 319867986124297841
 329667839979683911
 333943636930351361
 335156799336363541
 336969086184564013
 338799867657399241
 356457687657399241
 373893135691929311
 384812973237836761
 387990599949836131
 399499240681870223
 405937302484921601
 429493399069326113
 435729946369629311
 436969086184564013
 451534218195790271
 495913627657660271
 496579000051249811
 519867986124297841
 533154233432970313
 566487068672739241
 573084905151249811
 605313231816543853
 619569138786405701
 651236400008462131
 654699095661518311
 673684660627638971
 684683934363360223
 695913627657660271
 705313231816543853
 709938789340273643
 726156799336363541
 727054660627638971
 729727879515678941
 760242157369669661
 789499240681870223
 790092996676399643
 790938789340273643
 833943636930351361
 861687651357234211
 873084905151249811
 893363913990930211
 900534218195790271
 921621936653618311
 927099000051249811
 978799867657399241
 979903264242313613
 1023154233432970313
 1035729946369629311
 1054699095661518311
 1087990599949836131
 1335156799336363541
 1605313231816543853
 1684683934363360223
 3405937302484921601
 3451534218195790271
 3605313231816543853
 3833943636930351361
 4335156799336363541
 5673684660627638971
 5727054660627638971
 5789499240681870223
 5790092996676399643
 6196579000051249811
 6684683934363360223
 6695913627657660271
 6729727879515678941
 6790092996676399643
 7233154233432970313
 7356457687657399241
